The minimum obtained by gradient descent is:[[ -4.67455977e-11]
 [  5.01463676e-02]
 [ -1.52356246e-02]
 [  1.15805297e-01]
 [  7.50721041e-04]
 [  6.10368927e-02]
 [ -6.81893633e-02]
 [  9.74687239e-02]
 [  2.98328544e-02]
 [  1.92806362e-02]
 [ -6.63158365e-02]
 [  1.11072270e-01]
 [  1.08223495e-01]
 [  8.50436375e-02]
 [ -2.04924126e-02]
 [  5.61923974e-02]
 [  3.88509744e-02]
 [  5.20742105e-03]
 [ -1.51062703e-02]
 [ -1.17927529e-02]
 [ -5.81413723e-02]
 [ -9.15862556e-02]
 [  8.93465015e-02]
 [  2.83891677e-02]
 [ -3.11569341e-02]
 [  1.43700647e-01]
 [ -3.36253150e-02]
 [  8.33506708e-02]
 [  2.13779339e-02]
 [  1.34883000e-02]
 [  6.21727714e-02]
 [  6.93811010e-02]
 [ -5.25160364e-02]
 [  1.51970211e-02]
 [ -5.60354256e-02]
 [  3.42573411e-02]
 [ -4.82280674e-02]
 [  8.06998836e-02]
 [  9.87258740e-02]
 [ -4.91423812e-02]
 [  6.16713646e-02]
 [  3.98301126e-02]
 [ -2.06206335e-02]
 [  3.84008792e-02]]
The minimum obtained by pseudo-inverse calculation:[ -1.91285269e-11  -2.36194358e-02  -2.66556488e-01   2.84712145e-01
   3.99014877e-01   4.11473510e-02  -3.52697489e-01   3.63404852e-01
   2.85133728e-02   3.44498528e-01  -1.08305322e-01   1.76591386e-01
   1.33516087e-01   9.49269414e-02   6.83221993e-02   3.59395180e-02
  -7.04030408e-02  -4.79916943e-02  -1.23725681e-01  -2.66949267e-02
  -3.36542519e-01  -8.92453222e-02   3.41386871e-01  -1.24487619e-01
  -2.58455030e-01   2.31799105e-01  -1.08273396e-01   2.12790889e-01
   1.89250974e-01  -5.43130423e-02   1.05404144e-01   4.87205081e-02
  -1.34978055e-01  -3.61473031e-02  -4.22106761e-01   7.28110920e-02
   5.62682377e-02   1.29961751e-01  -1.63565639e-01  -7.37272670e-02
   1.08209965e-01   1.78909716e-01   8.04826902e-02   2.35923380e-02]